   0      0.010232923730704582
   1      0.010233212082286593
   2      0.010234075288992818
   3      0.010235512061562833
   4      0.010237518742125369
   5      0.010240091623123143
   6      0.010243227576526799
   7      0.010246923657501933
   8      0.010251177053467626
   9      0.010255985072599928
  10      0.010261345139250696
  11      0.010267254791169869
  12      0.010273711677343478
  13      0.010280713556108569
  14      0.010288258293404455
  15      0.010296343861125490
  16      0.010304968335552406
  17      0.010314129895833551
  18      0.010323826822535329
  19      0.010334057496239134
  20      0.010344820396192438
  21      0.010356114098997723
  22      0.010367937277362394
  23      0.010380288698878005
  24      0.010393167224855858
  25      0.010406571809189247
  26      0.010420501497279605
  27      0.010434955424973726
  28      0.010449932817566565
  29      0.010465432988814097
  30      0.010481455340012720
  31      0.010497999359087233
  32      0.010515064619735403
  33      0.010532650780582842
  34      0.010550757584391678
  35      0.010569384857293689
  36      0.010588532508038984
  37      0.010608200527323829
  38      0.010628388987063534
  39      0.010649098039780640
  40      0.010670327917989695
  41      0.010430631698775492
  42      0.010198016008840266
  43      0.009972236953997980
  44      0.009753059355315057
  45      0.009540256662256927
  46      0.009333610803870157
  47      0.009132912028656896
  48      0.008937958692968713
  49      0.008748557059535797
  50      0.008564521055909453
